% -------------------------------------------------------------------
%  Generated by MATLAB on 15-May-2023 13:55:27
%  MATLAB version: 9.14.0.2239454 (R2023a) Update 1
% -------------------------------------------------------------------
                                  

Br = 0.1;

Bw = 0.1;

Jbr = 0.0419;

Jbw = 0.07689;

Jr = 0.013472;

Jw = 0.00077;

Ke_r = 0.94538036196585828;

Ke_w = 1.3464508185574346;

Kt_r = 0.33831894833484027;

Kt_w = 0.3530775916665;

L = 0.19406;

Mb = 1.27712;

Mr = 0.47568;

Mw = 0.3022;

R_r = 0.6;

R_w = 2.4;

Rd = 0.2;

Rw = 0.071;

d = 0.14254;

g = 9.8;

n_d = 1;

n_w = 1;
