% -------------------------------------------------------------------
%  Generated by MATLAB on 15-May-2023 13:55:27
%  MATLAB version: 9.14.0.2239454 (R2023a) Update 1
% -------------------------------------------------------------------                                 

Br = 0.1; % good

Bw = 0.1; % good

Jbr = 0.0419;

Jbw = 0.07689;

Jr = 0.0140362437;

Jw = 0.0005819683; % good

Ke_r = (12-0.53*0.6)/(118*2*pi/60); % good

Ke_w = (12-0.3*2.4)/(80*2*pi/60); % good

Kt_r = (958.2*0.00706155183333)/(20); % good

Kt_w = (250*0.00706155183333)/(5); % good

L = 0.19406;

Mb = 1.27712;

Mr = 0.47568;

Mw = 0.3964; % good

R_r = 0.6; % good

R_w = 2.4; % good

Rd = 0.2; % good

Rw = 0.071; % good DOUBLE CHECK WHEN POSSIBLE

d = 0.14254;

g = 9.81; % good

n_d = 1; % good

n_w = 1; % good