% -------------------------------------------------------------------
%  Generated by MATLAB on 15-May-2023 13:55:27
%  MATLAB version: 9.14.0.2239454 (R2023a) Update 1
% -------------------------------------------------------------------                                 

Br = 0.1; %%

Bw = 0.1; %%

Jbr = 0.0405699469; % 

Jbw = 0.0357929223; % 0.035 mais baixo????

Jr = 0.0133678983; %

Jw = 0.0018907954; % 0.0011 maior

Ke_r = (12-0.53*0.6)/(118*2*pi/60); %% fonte: gab

Ke_w = (12-0.3*2.4)/(80*2*pi/60); %% fonte: gab

Kt_r = (958.2*0.00706155183333)/(20); %% fonte: gab

Kt_w = (250*0.00706155183333)/(5); %% fonte: gab

L = 0.2; %

Mb = 1.7861; %

Mr = 0.0489; % uma ordem menor????

Mw = 0.5125; % 0.2 maior

R_r = 0.6; %%

R_w = 2.4; %%

Rd = 0.2; %

Rw = 0.07; %

d = 0.1000041; % ???????

g = 9.81; %%

n_d = 1; %%

n_w = 1; %%
